Optimizer Name|Momentum|Mean_Training_Loss_epoch1|Mean_Training_Loss_epoch2|Std_Training_Loss_epoch1|Std_Training_Loss_epoch2
AMSGrad|0.0|3.9042e-01|1.8365e-01|2.6029e-03|2.6027e-03
AMSGrad|0.05|3.8704e-01|1.8271e-01|5.0986e-03|3.3633e-03
AMSGrad|0.1|3.8362e-01|1.8178e-01|4.4723e-03|3.7276e-03
AMSGrad|0.15|3.8235e-01|1.8267e-01|3.2243e-03|3.3207e-03
AMSGrad|0.2|3.7953e-01|1.8250e-01|3.2904e-03|2.7536e-03
AMSGrad|0.25|3.7845e-01|1.8223e-01|3.8601e-03|3.7336e-03
AMSGrad|0.3|3.7878e-01|1.8376e-01|4.7185e-03|4.6912e-03
AMSGrad|0.35|3.7632e-01|1.8260e-01|3.9597e-03|3.2809e-03
AMSGrad|0.4|3.7849e-01|1.8622e-01|4.1786e-03|4.1737e-03
AMSGrad|0.45|3.7765e-01|1.8625e-01|5.5362e-03|4.6013e-03
AMSGrad|0.5|3.7720e-01|1.8609e-01|6.1657e-03|4.6013e-03
AMSGrad|0.55|3.7813e-01|1.8840e-01|5.0513e-03|3.4564e-03
AMSGrad|0.6|3.7865e-01|1.8883e-01|5.8092e-03|3.8604e-03
AMSGrad|0.65|3.7994e-01|1.9124e-01|6.3304e-03|5.1926e-03
AMSGrad|0.7|3.8155e-01|1.9309e-01|5.3560e-03|3.8780e-03
AMSGrad|0.75|3.8257e-01|1.9456e-01|5.0999e-03|4.1240e-03
AMSGrad|0.8|3.8358e-01|1.9658e-01|6.7764e-03|4.7590e-03
AMSGrad|0.85|3.8491e-01|1.9782e-01|5.2286e-03|4.8602e-03
AMSGrad|0.9|3.8619e-01|1.9953e-01|7.5853e-03|6.8830e-03
AMSGrad|0.95|3.8675e-01|2.0148e-01|4.8086e-03|3.9927e-03
AMSGradCurvature|0.0|3.8890e-01|1.8267e-01|2.3290e-03|3.0262e-03
AMSGradCurvature|0.05|3.8696e-01|1.8245e-01|5.5594e-03|3.4597e-03
AMSGradCurvature|0.1|3.8435e-01|1.8293e-01|2.7098e-03|2.7913e-03
AMSGradCurvature|0.15|3.8263e-01|1.8204e-01|3.1059e-03|2.7597e-03
AMSGradCurvature|0.2|3.7840e-01|1.8179e-01|4.5451e-03|3.1726e-03
AMSGradCurvature|0.25|3.7885e-01|1.8299e-01|3.4709e-03|2.6946e-03
AMSGradCurvature|0.3|3.7812e-01|1.8314e-01|5.3555e-03|4.3074e-03
AMSGradCurvature|0.35|3.7588e-01|1.8234e-01|2.8705e-03|2.5356e-03
AMSGradCurvature|0.4|3.7826e-01|1.8653e-01|4.6371e-03|4.2471e-03
AMSGradCurvature|0.45|3.7903e-01|1.8762e-01|5.5406e-03|5.1357e-03
AMSGradCurvature|0.5|3.7796e-01|1.8717e-01|6.7837e-03|5.5698e-03
AMSGradCurvature|0.55|3.7765e-01|1.8843e-01|5.3920e-03|3.7316e-03
AMSGradCurvature|0.6|3.7890e-01|1.8890e-01|5.7565e-03|4.9522e-03
AMSGradCurvature|0.65|3.8027e-01|1.9164e-01|6.6866e-03|4.9142e-03
AMSGradCurvature|0.7|3.8153e-01|1.9278e-01|4.9457e-03|3.3684e-03
AMSGradCurvature|0.75|3.8269e-01|1.9474e-01|5.0897e-03|3.9660e-03
AMSGradCurvature|0.8|3.8351e-01|1.9635e-01|6.3238e-03|4.7444e-03
AMSGradCurvature|0.85|3.8492e-01|1.9829e-01|5.7740e-03|5.0483e-03
AMSGradCurvature|0.9|3.8587e-01|1.9951e-01|6.7695e-03|6.2431e-03
AMSGradCurvature|0.95|3.8655e-01|2.0159e-01|5.1158e-03|5.2401e-03
Adadelta|0.0|6.3981e-01|3.5318e-01|5.2071e-02|4.7812e-02
Adadelta|0.05|4.4470e-01|2.2720e-01|6.9995e-03|5.6334e-03
Adadelta|0.1|4.2725e-01|2.1250e-01|5.3862e-03|5.2665e-03
Adadelta|0.15|4.1559e-01|2.0679e-01|3.4372e-03|3.6668e-03
Adadelta|0.2|4.0801e-01|2.0040e-01|3.5707e-03|4.4475e-03
Adadelta|0.25|4.0007e-01|1.9429e-01|4.0371e-03|2.9678e-03
Adadelta|0.3|3.9665e-01|1.9104e-01|2.6701e-03|2.1721e-03
Adadelta|0.35|3.9152e-01|1.8655e-01|2.5529e-03|2.1131e-03
Adadelta|0.4|3.8899e-01|1.8372e-01|3.4404e-03|3.6070e-03
Adadelta|0.45|3.8609e-01|1.8144e-01|3.8466e-03|2.5609e-03
Adadelta|0.5|3.8241e-01|1.7827e-01|2.6739e-03|3.5274e-03
Adadelta|0.55|3.8105e-01|1.7729e-01|3.5538e-03|3.9686e-03
Adadelta|0.6|3.7986e-01|1.7568e-01|3.1613e-03|2.8786e-03
Adadelta|0.65|3.7574e-01|1.7278e-01|2.9564e-03|1.8214e-03
Adadelta|0.7|3.7475e-01|1.7061e-01|2.7766e-03|3.3211e-03
Adadelta|0.75|3.7424e-01|1.7075e-01|4.0533e-03|3.4703e-03
Adadelta|0.8|3.7226e-01|1.6892e-01|4.0003e-03|2.9843e-03
Adadelta|0.85|3.7295e-01|1.6928e-01|2.4070e-03|2.8405e-03
Adadelta|0.9|3.7421e-01|1.7061e-01|3.0476e-03|2.8065e-03
Adadelta|0.95|3.7878e-01|1.7914e-01|4.8150e-03|3.6503e-03
AdadeltaCurvature|0.0|1.8641e+00|1.5128e+00|2.4850e-01|6.2839e-01
AdadeltaCurvature|0.05|4.7353e-01|2.7049e-01|6.1867e-03|5.1037e-03
AdadeltaCurvature|0.1|4.4061e-01|2.4370e-01|6.0285e-03|5.3250e-03
AdadeltaCurvature|0.15|4.2466e-01|2.2573e-01|5.3747e-03|4.2576e-03
AdadeltaCurvature|0.2|4.1201e-01|2.1462e-01|4.9174e-03|4.9517e-03
AdadeltaCurvature|0.25|4.0722e-01|2.0929e-01|5.6983e-03|2.7906e-03
AdadeltaCurvature|0.3|4.0118e-01|2.0099e-01|5.4238e-03|4.4031e-03
AdadeltaCurvature|0.35|3.9554e-01|1.9500e-01|3.1602e-03|2.4019e-03
AdadeltaCurvature|0.4|3.9172e-01|1.9168e-01|4.5136e-03|2.2305e-03
AdadeltaCurvature|0.45|3.8817e-01|1.8774e-01|1.8815e-03|2.9159e-03
AdadeltaCurvature|0.5|3.8642e-01|1.8490e-01|3.0151e-03|3.2741e-03
AdadeltaCurvature|0.55|3.8165e-01|1.7982e-01|3.5148e-03|3.0933e-03
AdadeltaCurvature|0.6|3.7805e-01|1.7745e-01|2.5864e-03|1.6202e-03
AdadeltaCurvature|0.65|3.7539e-01|1.7423e-01|2.4515e-03|2.0314e-03
AdadeltaCurvature|0.7|3.7467e-01|1.7292e-01|1.9528e-03|1.4467e-03
AdadeltaCurvature|0.75|3.7277e-01|1.7130e-01|3.6655e-03|2.6141e-03
AdadeltaCurvature|0.8|3.7027e-01|1.7044e-01|3.7633e-03|2.3282e-03
AdadeltaCurvature|0.85|3.7121e-01|1.6971e-01|3.4395e-03|2.3024e-03
AdadeltaCurvature|0.9|3.7225e-01|1.7450e-01|7.5310e-03|7.4129e-03
AdadeltaCurvature|0.95|3.7389e-01|1.8327e-01|8.0783e-03|5.6388e-03
Adagrad|0.0|4.1843e-01|2.7565e-01|8.1723e-03|1.1292e-02
AdagradCurvature|0.0|4.1851e-01|2.7548e-01|7.9607e-03|1.0894e-02
Adam|0.0|3.8986e-01|1.8392e-01|2.2461e-03|2.4248e-03
Adam|0.05|3.8706e-01|1.8326e-01|4.9352e-03|3.1680e-03
Adam|0.1|3.8268e-01|1.8185e-01|4.9944e-03|3.7892e-03
Adam|0.15|3.8186e-01|1.8247e-01|3.1518e-03|3.0152e-03
Adam|0.2|3.7930e-01|1.8287e-01|4.2269e-03|3.6951e-03
Adam|0.25|3.7790e-01|1.8168e-01|3.7491e-03|3.7850e-03
Adam|0.3|3.7827e-01|1.8379e-01|3.9550e-03|4.7559e-03
Adam|0.35|3.7680e-01|1.8301e-01|4.1177e-03|3.1793e-03
Adam|0.4|3.7842e-01|1.8635e-01|4.2268e-03|3.5920e-03
Adam|0.45|3.7814e-01|1.8643e-01|4.7803e-03|4.5928e-03
Adam|0.5|3.7787e-01|1.8663e-01|6.1943e-03|5.0471e-03
Adam|0.55|3.7776e-01|1.8790e-01|5.0816e-03|3.3993e-03
Adam|0.6|3.7903e-01|1.8968e-01|5.6941e-03|4.1779e-03
Adam|0.65|3.7986e-01|1.9141e-01|6.3458e-03|5.0061e-03
Adam|0.7|3.8160e-01|1.9299e-01|5.1062e-03|3.3468e-03
Adam|0.75|3.8293e-01|1.9513e-01|5.2034e-03|4.2324e-03
Adam|0.8|3.8336e-01|1.9564e-01|6.4274e-03|4.3856e-03
Adam|0.85|3.8506e-01|1.9776e-01|5.5802e-03|4.6864e-03
Adam|0.9|3.8595e-01|1.9872e-01|7.4089e-03|6.9787e-03
Adam|0.95|3.8647e-01|2.0092e-01|4.5899e-03|3.9625e-03
AdamCurvature|0.0|3.8916e-01|1.8321e-01|2.8830e-03|2.9107e-03
AdamCurvature|0.05|3.8713e-01|1.8391e-01|5.6710e-03|3.7572e-03
AdamCurvature|0.1|3.8366e-01|1.8274e-01|4.0607e-03|3.2874e-03
AdamCurvature|0.15|3.8209e-01|1.8211e-01|4.0129e-03|3.8668e-03
AdamCurvature|0.2|3.7875e-01|1.8221e-01|4.5295e-03|3.4895e-03
AdamCurvature|0.25|3.7869e-01|1.8356e-01|3.4391e-03|3.3254e-03
AdamCurvature|0.3|3.7859e-01|1.8378e-01|4.9720e-03|3.7410e-03
AdamCurvature|0.35|3.7650e-01|1.8385e-01|2.5690e-03|2.2362e-03
AdamCurvature|0.4|3.7842e-01|1.8623e-01|4.5801e-03|3.5103e-03
AdamCurvature|0.45|3.7811e-01|1.8685e-01|4.8777e-03|4.5447e-03
AdamCurvature|0.5|3.7788e-01|1.8711e-01|6.6651e-03|5.4034e-03
AdamCurvature|0.55|3.7763e-01|1.8817e-01|5.7198e-03|3.7947e-03
AdamCurvature|0.6|3.7791e-01|1.8874e-01|5.3209e-03|3.7627e-03
AdamCurvature|0.65|3.8006e-01|1.9181e-01|6.5449e-03|4.9763e-03
AdamCurvature|0.7|3.8142e-01|1.9257e-01|5.6146e-03|4.1823e-03
AdamCurvature|0.75|3.8270e-01|1.9434e-01|4.7331e-03|3.3514e-03
AdamCurvature|0.8|3.8340e-01|1.9591e-01|6.3423e-03|4.8957e-03
AdamCurvature|0.85|3.8503e-01|1.9799e-01|5.7061e-03|5.3863e-03
AdamCurvature|0.9|3.8547e-01|1.9913e-01|6.5532e-03|6.4579e-03
AdamCurvature|0.95|3.8641e-01|2.0029e-01|4.5550e-03|4.1911e-03
AdamW|0.0|3.8957e-01|1.8449e-01|3.0004e-03|3.3191e-03
AdamW|0.05|3.8663e-01|1.8328e-01|4.0070e-03|2.3517e-03
AdamW|0.1|3.8289e-01|1.8301e-01|4.9667e-03|3.6550e-03
AdamW|0.15|3.8181e-01|1.8338e-01|4.1453e-03|3.2639e-03
AdamW|0.2|3.7847e-01|1.8223e-01|3.5359e-03|3.4609e-03
AdamW|0.25|3.7833e-01|1.8300e-01|3.6833e-03|3.4995e-03
AdamW|0.3|3.7954e-01|1.8549e-01|3.4413e-03|4.2038e-03
AdamW|0.35|3.7712e-01|1.8366e-01|3.5402e-03|3.1830e-03
AdamW|0.4|3.7921e-01|1.8713e-01|4.3370e-03|3.5740e-03
AdamW|0.45|3.7816e-01|1.8671e-01|5.6038e-03|5.1552e-03
AdamW|0.5|3.7822e-01|1.8797e-01|6.4201e-03|5.4557e-03
AdamW|0.55|3.7760e-01|1.8772e-01|4.9962e-03|3.7348e-03
AdamW|0.6|3.7890e-01|1.8990e-01|5.9896e-03|4.8245e-03
AdamW|0.65|3.8026e-01|1.9222e-01|6.2238e-03|5.0879e-03
AdamW|0.7|3.8195e-01|1.9370e-01|4.9359e-03|3.3082e-03
AdamW|0.75|3.8328e-01|1.9540e-01|5.5162e-03|4.7192e-03
AdamW|0.8|3.8388e-01|1.9682e-01|6.6173e-03|4.6942e-03
AdamW|0.85|3.8536e-01|1.9900e-01|5.5998e-03|5.8144e-03
AdamW|0.9|3.8638e-01|1.9969e-01|7.2604e-03|6.2540e-03
AdamW|0.95|3.8726e-01|2.0196e-01|5.0452e-03|4.6579e-03
AdamWCurvature|0.0|3.8956e-01|1.8372e-01|2.6231e-03|2.5901e-03
AdamWCurvature|0.05|3.8746e-01|1.8417e-01|5.6480e-03|3.0790e-03
AdamWCurvature|0.1|3.8394e-01|1.8312e-01|3.3331e-03|3.4068e-03
AdamWCurvature|0.15|3.8244e-01|1.8280e-01|3.7819e-03|3.4744e-03
AdamWCurvature|0.2|3.7852e-01|1.8241e-01|4.2515e-03|2.1651e-03
AdamWCurvature|0.25|3.7865e-01|1.8389e-01|3.7041e-03|3.5070e-03
AdamWCurvature|0.3|3.7799e-01|1.8350e-01|4.7099e-03|4.2830e-03
AdamWCurvature|0.35|3.7623e-01|1.8331e-01|2.9182e-03|2.5445e-03
AdamWCurvature|0.4|3.7884e-01|1.8699e-01|4.6234e-03|3.6162e-03
AdamWCurvature|0.45|3.7824e-01|1.8746e-01|4.9831e-03|4.6935e-03
AdamWCurvature|0.5|3.7763e-01|1.8641e-01|6.5141e-03|5.0114e-03
AdamWCurvature|0.55|3.7772e-01|1.8850e-01|5.3607e-03|3.7915e-03
AdamWCurvature|0.6|3.7785e-01|1.8902e-01|4.9747e-03|4.1654e-03
AdamWCurvature|0.65|3.8005e-01|1.9202e-01|6.6296e-03|5.1387e-03
AdamWCurvature|0.7|3.8172e-01|1.9370e-01|6.4045e-03|5.0449e-03
AdamWCurvature|0.75|3.8270e-01|1.9477e-01|4.4627e-03|3.4248e-03
AdamWCurvature|0.8|3.8366e-01|1.9654e-01|6.3019e-03|4.6883e-03
AdamWCurvature|0.85|3.8527e-01|1.9866e-01|5.8500e-03|5.2271e-03
AdamWCurvature|0.9|3.8540e-01|1.9859e-01|6.5799e-03|6.1825e-03
AdamWCurvature|0.95|3.8737e-01|2.0189e-01|5.3396e-03|4.9469e-03
HeavyBall|0.0|1.9010e+00|1.2043e+00|2.1284e-02|2.1731e-02
HeavyBall|0.05|1.8805e+00|1.1647e+00|2.1564e-02|2.0934e-02
HeavyBall|0.1|1.8579e+00|1.1235e+00|2.1747e-02|2.0068e-02
HeavyBall|0.15|1.8331e+00|1.0808e+00|2.2065e-02|1.9278e-02
HeavyBall|0.2|1.8054e+00|1.0364e+00|2.2262e-02|1.8306e-02
HeavyBall|0.25|1.7747e+00|9.9059e-01|2.2375e-02|1.7174e-02
HeavyBall|0.3|1.7403e+00|9.4346e-01|2.2398e-02|1.6011e-02
HeavyBall|0.35|1.7020e+00|8.9534e-01|2.2411e-02|1.4979e-02
HeavyBall|0.4|1.6590e+00|8.4632e-01|2.2267e-02|1.3795e-02
HeavyBall|0.45|1.6106e+00|7.9676e-01|2.1992e-02|1.2725e-02
HeavyBall|0.5|1.5562e+00|7.4683e-01|2.1539e-02|1.1382e-02
HeavyBall|0.55|1.4949e+00|6.9691e-01|2.0925e-02|1.0110e-02
HeavyBall|0.6|1.4256e+00|6.4730e-01|2.0075e-02|8.7842e-03
HeavyBall|0.65|1.3474e+00|5.9823e-01|1.9175e-02|7.4691e-03
HeavyBall|0.7|1.2594e+00|5.5010e-01|1.7967e-02|6.0853e-03
HeavyBall|0.75|1.1599e+00|5.0297e-01|1.6511e-02|4.7465e-03
HeavyBall|0.8|1.0474e+00|4.5696e-01|1.4756e-02|3.5434e-03
HeavyBall|0.85|9.1979e-01|4.1207e-01|1.2481e-02|2.4427e-03
HeavyBall|0.9|7.7428e-01|3.6751e-01|9.9236e-03|1.8291e-03
HeavyBall|0.95|6.0903e-01|3.1667e-01|7.0212e-03|1.9844e-03
HeavyBallCurvature|0.0|3.9625e-01|1.7648e-01|3.7266e-03|1.2856e-03
HeavyBallCurvature|0.05|3.8741e-01|1.7340e-01|3.2357e-03|1.4772e-03
HeavyBallCurvature|0.1|3.8168e-01|1.7125e-01|4.3189e-03|1.9004e-03
HeavyBallCurvature|0.15|3.7481e-01|1.6836e-01|4.6594e-03|1.7784e-03
HeavyBallCurvature|0.2|3.6775e-01|1.6613e-01|5.5985e-03|2.3007e-03
HeavyBallCurvature|0.25|3.6133e-01|1.6367e-01|6.4503e-03|2.9635e-03
HeavyBallCurvature|0.3|3.5673e-01|1.6182e-01|7.8371e-03|3.9880e-03
HeavyBallCurvature|0.35|3.5076e-01|1.5989e-01|8.0035e-03|3.8388e-03
HeavyBallCurvature|0.4|3.4561e-01|1.5921e-01|6.2589e-03|3.3851e-03
HeavyBallCurvature|0.45|3.4188e-01|1.5866e-01|4.3619e-03|2.6605e-03
HeavyBallCurvature|0.5|3.3690e-01|1.5800e-01|4.5404e-03|3.5242e-03
HeavyBallCurvature|0.55|3.3338e-01|1.5740e-01|8.8834e-03|4.6461e-03
HeavyBallCurvature|0.6|3.3168e-01|1.6074e-01|6.3875e-03|3.4099e-03
HeavyBallCurvature|0.65|3.3833e-01|1.6697e-01|6.8487e-03|3.1777e-03
HeavyBallCurvature|0.7|3.5079e-01|1.8104e-01|8.9441e-03|5.6386e-03
HeavyBallCurvature|0.75|3.9332e-01|2.2130e-01|2.3396e-02|1.8157e-02
HeavyBallCurvature|0.8|4.4202e-01|2.6823e-01|2.0999e-02|1.2870e-02
HeavyBallCurvature|0.85|6.1133e-01|4.5916e-01|1.6857e-01|2.0437e-01
HeavyBallCurvature|0.9|1.0385e+00|1.0418e+00|1.5688e-01|2.4968e-01
HeavyBallCurvature|0.95|1.8129e+00|1.9903e+00|5.6703e-02|nan
NAG|0.0|1.9010e+00|1.2043e+00|2.1284e-02|2.1731e-02
NAG|0.05|1.8805e+00|1.1647e+00|2.1564e-02|2.0934e-02
NAG|0.1|1.8579e+00|1.1235e+00|2.1747e-02|2.0068e-02
NAG|0.15|1.8331e+00|1.0808e+00|2.2065e-02|1.9278e-02
NAG|0.2|1.8054e+00|1.0364e+00|2.2258e-02|1.8306e-02
NAG|0.25|1.7747e+00|9.9058e-01|2.2371e-02|1.7177e-02
NAG|0.3|1.7403e+00|9.4345e-01|2.2398e-02|1.6018e-02
NAG|0.35|1.7020e+00|8.9534e-01|2.2411e-02|1.4979e-02
NAG|0.4|1.6590e+00|8.4632e-01|2.2267e-02|1.3795e-02
NAG|0.45|1.6106e+00|7.9676e-01|2.1992e-02|1.2725e-02
NAG|0.5|1.5562e+00|7.4683e-01|2.1539e-02|1.1382e-02
NAG|0.55|1.4949e+00|6.9691e-01|2.0925e-02|1.0110e-02
NAG|0.6|1.4256e+00|6.4730e-01|2.0075e-02|8.7842e-03
NAG|0.65|1.3474e+00|5.9824e-01|1.9172e-02|7.4832e-03
NAG|0.7|1.2594e+00|5.5010e-01|1.7967e-02|6.0853e-03
NAG|0.75|1.1599e+00|5.0297e-01|1.6511e-02|4.7465e-03
NAG|0.8|1.0474e+00|4.5696e-01|1.4756e-02|3.5434e-03
NAG|0.85|9.1979e-01|4.1207e-01|1.2481e-02|2.4427e-03
NAG|0.9|7.7428e-01|3.6751e-01|9.9236e-03|1.8291e-03
NAG|0.95|6.0903e-01|3.1665e-01|7.0212e-03|1.9935e-03
NAGCurvature|0.0|3.9638e-01|1.7659e-01|3.9152e-03|1.3370e-03
NAGCurvature|0.05|3.8749e-01|1.7331e-01|3.2347e-03|1.4602e-03
NAGCurvature|0.1|3.8175e-01|1.7127e-01|4.2022e-03|1.7845e-03
NAGCurvature|0.15|3.7483e-01|1.6838e-01|4.7067e-03|1.7203e-03
NAGCurvature|0.2|3.6771e-01|1.6621e-01|5.5838e-03|2.2452e-03
NAGCurvature|0.25|3.6140e-01|1.6359e-01|6.5250e-03|2.9369e-03
NAGCurvature|0.3|3.5676e-01|1.6183e-01|7.8026e-03|3.8091e-03
NAGCurvature|0.35|3.5077e-01|1.5998e-01|8.0405e-03|3.8539e-03
NAGCurvature|0.4|3.4565e-01|1.5902e-01|6.3479e-03|3.4605e-03
NAGCurvature|0.45|3.4180e-01|1.5835e-01|4.3934e-03|2.5479e-03
NAGCurvature|0.5|3.3710e-01|1.5773e-01|4.6679e-03|3.3711e-03
NAGCurvature|0.55|3.3355e-01|1.5737e-01|8.8518e-03|4.9040e-03
NAGCurvature|0.6|3.3179e-01|1.6050e-01|6.3839e-03|3.3320e-03
NAGCurvature|0.65|3.3832e-01|1.6749e-01|6.7207e-03|3.5388e-03
NAGCurvature|0.7|3.5075e-01|1.8092e-01|8.9107e-03|6.8799e-03
NAGCurvature|0.75|3.9303e-01|2.2027e-01|2.4267e-02|1.8653e-02
NAGCurvature|0.8|4.4270e-01|2.6869e-01|2.1179e-02|1.2933e-02
NAGCurvature|0.85|6.0852e-01|4.2917e-01|1.6423e-01|1.4974e-01
NAGCurvature|0.9|1.0406e+00|1.0944e+00|2.2077e-01|3.1819e-01
NAGCurvature|0.95|1.7616e+00|1.9345e+00|3.3475e-02|nan
NAdam|0.0|3.8986e-01|1.8392e-01|2.2461e-03|2.4248e-03
NAdam|0.05|3.8525e-01|1.8094e-01|4.4303e-03|3.2545e-03
NAdam|0.1|3.8226e-01|1.7941e-01|3.3860e-03|2.2757e-03
NAdam|0.15|3.8048e-01|1.7885e-01|3.8157e-03|2.0983e-03
NAdam|0.2|3.7703e-01|1.7715e-01|4.0022e-03|2.9478e-03
NAdam|0.25|3.7169e-01|1.7522e-01|4.0432e-03|3.2530e-03
NAdam|0.3|3.7152e-01|1.7461e-01|5.0636e-03|3.8880e-03
NAdam|0.35|3.6866e-01|1.7391e-01|3.1092e-03|3.3148e-03
NAdam|0.4|3.6664e-01|1.7314e-01|3.3107e-03|2.9398e-03
NAdam|0.45|3.6425e-01|1.7249e-01|3.6858e-03|2.7646e-03
NAdam|0.5|3.6366e-01|1.7256e-01|3.4303e-03|2.8104e-03
NAdam|0.55|3.5753e-01|1.6983e-01|4.8286e-03|2.7705e-03
NAdam|0.6|3.5638e-01|1.6918e-01|3.6249e-03|2.5077e-03
NAdam|0.65|3.5279e-01|1.6831e-01|3.6254e-03|1.9661e-03
NAdam|0.7|3.5068e-01|1.6837e-01|3.2594e-03|2.0309e-03
NAdam|0.75|3.4752e-01|1.6781e-01|4.1875e-03|2.9823e-03
NAdam|0.8|3.4528e-01|1.6777e-01|4.0642e-03|2.2445e-03
NAdam|0.85|3.4484e-01|1.6935e-01|5.5273e-03|3.2329e-03
NAdam|0.9|3.4170e-01|1.6887e-01|5.6510e-03|2.9098e-03
NAdam|0.95|3.3804e-01|1.6905e-01|4.9027e-03|2.4323e-03
NAdamCurvature|0.0|3.8916e-01|1.8321e-01|2.8830e-03|2.9107e-03
NAdamCurvature|0.05|3.8467e-01|1.8149e-01|4.3970e-03|3.1061e-03
NAdamCurvature|0.1|3.8213e-01|1.8006e-01|3.6884e-03|2.2609e-03
NAdamCurvature|0.15|3.8071e-01|1.7913e-01|2.8497e-03|2.7260e-03
NAdamCurvature|0.2|3.7685e-01|1.7664e-01|3.3557e-03|2.4609e-03
NAdamCurvature|0.25|3.7261e-01|1.7555e-01|3.6134e-03|2.4020e-03
NAdamCurvature|0.3|3.7020e-01|1.7391e-01|4.5768e-03|3.7290e-03
NAdamCurvature|0.35|3.6954e-01|1.7483e-01|3.8385e-03|3.0819e-03
NAdamCurvature|0.4|3.6734e-01|1.7339e-01|3.7456e-03|3.5645e-03
NAdamCurvature|0.45|3.6372e-01|1.7226e-01|4.3125e-03|3.1830e-03
NAdamCurvature|0.5|3.6195e-01|1.7111e-01|3.8549e-03|2.6147e-03
NAdamCurvature|0.55|3.5797e-01|1.7015e-01|4.0450e-03|2.7151e-03
NAdamCurvature|0.6|3.5598e-01|1.6956e-01|4.3220e-03|2.5277e-03
NAdamCurvature|0.65|3.5261e-01|1.6871e-01|3.1761e-03|2.1163e-03
NAdamCurvature|0.7|3.5150e-01|1.6893e-01|3.8601e-03|2.4837e-03
NAdamCurvature|0.75|3.4816e-01|1.6796e-01|5.1541e-03|3.4248e-03
NAdamCurvature|0.8|3.4570e-01|1.6789e-01|3.4277e-03|1.7065e-03
NAdamCurvature|0.85|3.4434e-01|1.6929e-01|5.4622e-03|3.3421e-03
NAdamCurvature|0.9|3.4107e-01|1.6958e-01|4.9207e-03|2.3687e-03
NAdamCurvature|0.95|3.3833e-01|1.6955e-01|4.7214e-03|2.6630e-03
NAdamW|0.0|3.8957e-01|1.8449e-01|3.0004e-03|3.3191e-03
NAdamW|0.05|3.8516e-01|1.8118e-01|3.6118e-03|1.7631e-03
NAdamW|0.1|3.8317e-01|1.8056e-01|3.0449e-03|1.7148e-03
NAdamW|0.15|3.8112e-01|1.8001e-01|3.3973e-03|3.0468e-03
NAdamW|0.2|3.7653e-01|1.7696e-01|3.8560e-03|3.1444e-03
NAdamW|0.25|3.7233e-01|1.7562e-01|4.1264e-03|3.6784e-03
NAdamW|0.3|3.7120e-01|1.7476e-01|4.2390e-03|2.9811e-03
NAdamW|0.35|3.6848e-01|1.7395e-01|2.9847e-03|2.7069e-03
NAdamW|0.4|3.6745e-01|1.7371e-01|2.7718e-03|2.2103e-03
NAdamW|0.45|3.6440e-01|1.7311e-01|4.3117e-03|2.6706e-03
NAdamW|0.5|3.6329e-01|1.7251e-01|4.0692e-03|2.7355e-03
NAdamW|0.55|3.5841e-01|1.7049e-01|4.2806e-03|2.3192e-03
NAdamW|0.6|3.5664e-01|1.7032e-01|3.3583e-03|2.7644e-03
NAdamW|0.65|3.5236e-01|1.6881e-01|3.7080e-03|1.8387e-03
NAdamW|0.7|3.5081e-01|1.6891e-01|3.0002e-03|2.0776e-03
NAdamW|0.75|3.4810e-01|1.6825e-01|4.4447e-03|2.6184e-03
NAdamW|0.8|3.4558e-01|1.6839e-01|3.7028e-03|2.0447e-03
NAdamW|0.85|3.4491e-01|1.6957e-01|4.7400e-03|2.9616e-03
NAdamW|0.9|3.4100e-01|1.6906e-01|5.5688e-03|2.9703e-03
NAdamW|0.95|3.3867e-01|1.6954e-01|5.0557e-03|2.7179e-03
NAdamWCurvature|0.0|3.8956e-01|1.8372e-01|2.6231e-03|2.5901e-03
NAdamWCurvature|0.05|3.8469e-01|1.8190e-01|3.6458e-03|2.2539e-03
NAdamWCurvature|0.1|3.8245e-01|1.7997e-01|3.4478e-03|2.7504e-03
NAdamWCurvature|0.15|3.8019e-01|1.7917e-01|2.8278e-03|2.6675e-03
NAdamWCurvature|0.2|3.7638e-01|1.7658e-01|4.0906e-03|2.9370e-03
NAdamWCurvature|0.25|3.7249e-01|1.7523e-01|3.4847e-03|2.5065e-03
NAdamWCurvature|0.3|3.7037e-01|1.7445e-01|4.0103e-03|2.3647e-03
NAdamWCurvature|0.35|3.6938e-01|1.7505e-01|4.1710e-03|3.1217e-03
NAdamWCurvature|0.4|3.6732e-01|1.7327e-01|3.2866e-03|2.8979e-03
NAdamWCurvature|0.45|3.6427e-01|1.7248e-01|3.7904e-03|2.5862e-03
NAdamWCurvature|0.5|3.6291e-01|1.7215e-01|4.0818e-03|2.4690e-03
NAdamWCurvature|0.55|3.5829e-01|1.7056e-01|3.3468e-03|2.2599e-03
NAdamWCurvature|0.6|3.5642e-01|1.7010e-01|3.4373e-03|2.7390e-03
NAdamWCurvature|0.65|3.5277e-01|1.6877e-01|2.8316e-03|2.0298e-03
NAdamWCurvature|0.7|3.5128e-01|1.6878e-01|2.8389e-03|1.9355e-03
NAdamWCurvature|0.75|3.4867e-01|1.6873e-01|4.9971e-03|3.4625e-03
NAdamWCurvature|0.8|3.4557e-01|1.6838e-01|3.1816e-03|1.8855e-03
NAdamWCurvature|0.85|3.4489e-01|1.7006e-01|5.1795e-03|3.0671e-03
NAdamWCurvature|0.9|3.4089e-01|1.6913e-01|4.9778e-03|2.6792e-03
NAdamWCurvature|0.95|3.3824e-01|1.6909e-01|4.7561e-03|2.9388e-03
RMSProp|0.0|1.9617e+00|2.4844e+00|1.0410e-01|1.4208e-01
RMSProp|0.05|1.0131e+00|1.0372e+00|3.6452e-02|2.8926e-02
RMSProp|0.1|9.2520e-01|9.2471e-01|2.9146e-02|3.6687e-02
RMSProp|0.15|8.4425e-01|8.2459e-01|2.8794e-02|3.7967e-02
RMSProp|0.2|7.9955e-01|7.3884e-01|2.0678e-02|2.0263e-02
RMSProp|0.25|7.6359e-01|7.0686e-01|1.5843e-02|2.4373e-02
RMSProp|0.3|7.3663e-01|6.6406e-01|1.8013e-02|3.0306e-02
RMSProp|0.35|7.0810e-01|6.2398e-01|2.0861e-02|3.6327e-02
RMSProp|0.4|6.8221e-01|5.9443e-01|1.9818e-02|2.6041e-02
RMSProp|0.45|6.6939e-01|5.5584e-01|1.5559e-02|1.5097e-02
RMSProp|0.5|6.5546e-01|5.3674e-01|1.5411e-02|1.6236e-02
RMSProp|0.55|6.3707e-01|5.0870e-01|2.3064e-02|2.0761e-02
RMSProp|0.6|6.1967e-01|4.7776e-01|1.5101e-02|1.5424e-02
RMSProp|0.65|6.1278e-01|4.6268e-01|1.4029e-02|1.0226e-02
RMSProp|0.7|6.0130e-01|4.3570e-01|1.4673e-02|1.4541e-02
RMSProp|0.75|5.9334e-01|4.1399e-01|1.4216e-02|9.1839e-03
RMSProp|0.8|5.9062e-01|3.9173e-01|1.2221e-02|8.5302e-03
RMSProp|0.85|5.9296e-01|3.6812e-01|1.3130e-02|4.6257e-03
RMSProp|0.9|5.9866e-01|3.4888e-01|1.6425e-02|7.1622e-03
RMSProp|0.95|6.5997e-01|3.2970e-01|2.9932e-02|5.3352e-03
RMSPropCurvature|0.0|2.0718e+00|2.7256e+00|1.2693e-01|1.5566e-01
RMSPropCurvature|0.05|1.0231e+00|1.0432e+00|3.1218e-02|2.4207e-02
RMSPropCurvature|0.1|9.3223e-01|9.3077e-01|3.0299e-02|3.8379e-02
RMSPropCurvature|0.15|8.6936e-01|8.4799e-01|3.5763e-02|3.1909e-02
RMSPropCurvature|0.2|8.0549e-01|7.7677e-01|2.5438e-02|2.2370e-02
RMSPropCurvature|0.25|7.7681e-01|7.4166e-01|2.9841e-02|4.1194e-02
RMSPropCurvature|0.3|7.3435e-01|6.6958e-01|2.1469e-02|2.5709e-02
RMSPropCurvature|0.35|7.1229e-01|6.2837e-01|1.9679e-02|1.7135e-02
RMSPropCurvature|0.4|6.8533e-01|5.8562e-01|2.1532e-02|1.7626e-02
RMSPropCurvature|0.45|6.6267e-01|5.6380e-01|2.0522e-02|2.1236e-02
RMSPropCurvature|0.5|6.5343e-01|5.3713e-01|1.6249e-02|1.6804e-02
RMSPropCurvature|0.55|6.3910e-01|5.1035e-01|1.6151e-02|1.7319e-02
RMSPropCurvature|0.6|6.1656e-01|4.8808e-01|1.7041e-02|9.3908e-03
RMSPropCurvature|0.65|6.1219e-01|4.6604e-01|1.7099e-02|1.7673e-02
RMSPropCurvature|0.7|5.9988e-01|4.4206e-01|1.7716e-02|1.4400e-02
RMSPropCurvature|0.75|5.8764e-01|4.1077e-01|1.1147e-02|1.2918e-02
RMSPropCurvature|0.8|5.8757e-01|3.9264e-01|1.3188e-02|6.9590e-03
RMSPropCurvature|0.85|5.9101e-01|3.6704e-01|1.3741e-02|1.0112e-02
RMSPropCurvature|0.9|5.9740e-01|3.4364e-01|1.6727e-02|5.9791e-03
RMSPropCurvature|0.95|6.6481e-01|3.2950e-01|2.6742e-02|6.9927e-03
RMSPropMomentum|0.0|1.2084e+00|3.4066e-01|1.7442e-01|1.3611e-02
RMSPropMomentum|0.05|1.2753e+00|3.4276e-01|2.0013e-01|1.0925e-02
RMSPropMomentum|0.1|1.3513e+00|3.5737e-01|2.2452e-01|1.4996e-02
RMSPropMomentum|0.15|1.4315e+00|3.7261e-01|2.5164e-01|1.6028e-02
RMSPropMomentum|0.2|1.5380e+00|3.8118e-01|2.8166e-01|1.4797e-02
RMSPropMomentum|0.25|1.6573e+00|3.9637e-01|3.2358e-01|2.5802e-02
RMSPropMomentum|0.3|1.8074e+00|4.0788e-01|3.5277e-01|1.7110e-02
RMSPropMomentum|0.35|2.0251e+00|4.2778e-01|4.3176e-01|2.7035e-02
RMSPropMomentum|0.4|2.2595e+00|4.3713e-01|4.9412e-01|2.9438e-02
RMSPropMomentum|0.45|2.5604e+00|4.5804e-01|5.9204e-01|2.5085e-02
RMSPropMomentum|0.5|2.8704e+00|4.9440e-01|7.2116e-01|2.5027e-02
RMSPropMomentum|0.55|3.4017e+00|5.3130e-01|8.4381e-01|2.5736e-02
RMSPropMomentum|0.6|4.0292e+00|5.8644e-01|1.0261e+00|5.3087e-02
RMSPropMomentum|0.65|4.7586e+00|6.7206e-01|1.1446e+00|6.8375e-02
RMSPropMomentum|0.7|5.6710e+00|8.1778e-01|1.4295e+00|1.3207e-01
RMSPropMomentum|0.75|6.8945e+00|1.1481e+00|1.7828e+00|2.4138e-01
RMSPropMomentum|0.8|8.8585e+00|1.5863e+00|2.5945e+00|2.7905e-01
RMSPropMomentum|0.85|1.1383e+01|2.0037e+00|4.2669e+00|1.5007e-01
RMSPropMomentum|0.9|1.6166e+01|2.2588e+00|7.0398e+00|5.3198e-02
RMSPropMomentum|0.95|2.2957e+01|2.3570e+00|1.1235e+01|3.8305e-02
RMSPropMomentumCurvature|0.0|1.2197e+00|3.4378e-01|1.7235e-01|2.1416e-02
RMSPropMomentumCurvature|0.05|1.2788e+00|3.4702e-01|2.0248e-01|1.1083e-02
RMSPropMomentumCurvature|0.1|1.3546e+00|3.5543e-01|2.2587e-01|1.5963e-02
RMSPropMomentumCurvature|0.15|1.4287e+00|3.5810e-01|2.5684e-01|9.9530e-03
RMSPropMomentumCurvature|0.2|1.5306e+00|3.7348e-01|2.8875e-01|1.4648e-02
RMSPropMomentumCurvature|0.25|1.6589e+00|3.8950e-01|3.2667e-01|2.3228e-02
RMSPropMomentumCurvature|0.3|1.8067e+00|4.0555e-01|3.5299e-01|1.3251e-02
RMSPropMomentumCurvature|0.35|2.0273e+00|4.2826e-01|4.3605e-01|2.6076e-02
RMSPropMomentumCurvature|0.4|2.2460e+00|4.2883e-01|4.9378e-01|2.2544e-02
RMSPropMomentumCurvature|0.45|2.5516e+00|4.5329e-01|5.7518e-01|2.7688e-02
RMSPropMomentumCurvature|0.5|2.8899e+00|4.9376e-01|7.0520e-01|1.9438e-02
RMSPropMomentumCurvature|0.55|3.4021e+00|5.3826e-01|8.4998e-01|3.0545e-02
RMSPropMomentumCurvature|0.6|4.0244e+00|5.7772e-01|1.0289e+00|3.9868e-02
RMSPropMomentumCurvature|0.65|4.7772e+00|6.8215e-01|1.1230e+00|8.1501e-02
RMSPropMomentumCurvature|0.7|5.7600e+00|8.5600e-01|1.4770e+00|1.4981e-01
RMSPropMomentumCurvature|0.75|6.8748e+00|1.0656e+00|2.1003e+00|1.4361e-01
RMSPropMomentumCurvature|0.8|8.9996e+00|1.3709e+00|3.9581e+00|2.0525e-01
RMSPropMomentumCurvature|0.85|2.1764e+01|1.8821e+00|nan|nan
Shampoo|0.0|1.0507e+01|1.4042e+01|1.7687e+01|2.2606e+01
Shampoo|0.05|8.9516e+00|6.4230e+00|2.4284e+01|1.9132e+01
Shampoo|0.1|1.1884e+00|3.7895e-01|2.4460e-02|4.1679e-03
Shampoo|0.15|1.2013e+00|3.9273e-01|5.3670e-02|3.8641e-03
Shampoo|0.2|1.1942e+00|4.0595e-01|1.2328e-02|2.8403e-03
Shampoo|0.25|1.2152e+00|4.2140e-01|1.4233e-02|2.6483e-03
Shampoo|0.3|1.2505e+00|4.4558e-01|2.7573e-02|6.0536e-03
Shampoo|0.35|1.2805e+00|4.7310e-01|1.5278e-02|3.3360e-03
Shampoo|0.4|1.3364e+00|5.0259e-01|4.6325e-02|3.4340e-03
Shampoo|0.45|1.3728e+00|5.3098e-01|3.5129e-02|6.0499e-03
Shampoo|0.5|1.3867e+00|5.4969e-01|1.5187e-02|8.0692e-03
Shampoo|0.55|1.4128e+00|5.6003e-01|1.9738e-02|8.1102e-03
Shampoo|0.6|1.4072e+00|5.5321e-01|1.8469e-02|1.0137e-02
Shampoo|0.65|1.4137e+00|5.4356e-01|2.5248e-02|9.1443e-03
Shampoo|0.7|1.3988e+00|5.2477e-01|1.8127e-02|1.0844e-02
Shampoo|0.75|1.4140e+00|5.0643e-01|1.3222e-02|8.6768e-03
Shampoo|0.8|1.4490e+00|4.9971e-01|1.7703e-02|7.2283e-03
Shampoo|0.85|1.5603e+00|5.2088e-01|1.2203e-01|8.3213e-03
ShampooCurvature|0.0|1.5012e+00|5.8361e-01|5.6398e-02|1.3630e-01
ShampooCurvature|0.05|1.4788e+00|5.1686e-01|1.5596e-02|6.2909e-03
ShampooCurvature|0.1|1.4750e+00|5.1195e-01|1.7291e-02|6.3112e-03
ShampooCurvature|0.15|1.4693e+00|5.0641e-01|1.6412e-02|6.2776e-03
ShampooCurvature|0.2|1.4625e+00|4.9997e-01|1.5510e-02|5.9112e-03
ShampooCurvature|0.25|1.4542e+00|4.9239e-01|1.6012e-02|5.7940e-03
ShampooCurvature|0.3|1.4449e+00|4.8434e-01|1.6056e-02|6.0073e-03
ShampooCurvature|0.35|1.4352e+00|4.7568e-01|1.6819e-02|6.2558e-03
ShampooCurvature|0.4|1.4655e+00|4.6845e-01|1.1876e-01|9.1524e-03
ShampooCurvature|0.45|1.4111e+00|4.5636e-01|1.6212e-02|6.0515e-03
ShampooCurvature|0.5|1.3953e+00|4.4541e-01|1.6044e-02|6.0658e-03
ShampooCurvature|0.55|1.3913e+00|4.3415e-01|5.2259e-02|6.2281e-03
ShampooCurvature|0.6|1.3570e+00|4.2205e-01|1.6209e-02|5.4610e-03
ShampooCurvature|0.65|1.3332e+00|4.0950e-01|1.6008e-02|5.4583e-03
ShampooCurvature|0.7|1.3097e+00|3.9734e-01|1.8813e-02|5.3110e-03
ShampooCurvature|0.75|1.2819e+00|3.8532e-01|2.6169e-02|5.4160e-03
ShampooCurvature|0.8|1.2424e+00|3.7490e-01|1.4697e-02|5.2705e-03
ShampooCurvature|0.85|1.2078e+00|3.6934e-01|1.4427e-02|4.8224e-03
ShampooCurvature|0.9|1.1796e+00|3.7331e-01|1.2998e-02|4.9559e-03
ShampooCurvature|0.95|1.1835e+00|3.9460e-01|1.3762e-02|3.2332e-03
SimpleSGD|0.0|1.9010e+00|1.2043e+00|2.1284e-02|2.1731e-02
SimpleSGDCurvature|0.0|3.9625e-01|1.7660e-01|3.7002e-03|1.2552e-03
